  0   0   0   0   0   0   0   0   0   0   0   0   0   0   0   0   0   0   0   0   0   0   0   0   0   0   0   0   0   0   0   0   0   0   0   0   0   0   0   0   0   0   0   0   0   0   0   0   0   0   0   0   0   0   0   0   0   0   0   0   0   0   0   0   0   0   0   0   0   0   0   0   0   1   1   1   1   1   1   1   1   1   1   1   1   1   1   1   1   1   1   1   1   1   1   1   1   1   1   1
  0   0   0   0   1   1   1   2   2   2   2   2   2   2   2   2   2   2   2   2   2   2   2   2   2   2   2   2   2   2   2   2   2   2   2   2   2   2   2   3   3   3   3   3   3   3   3   3   3   3   3   3   3   3   3   3   3   3   3   3   3   3   3   3   3   3   3   3   3   3   3   3   3   3   4   4   4   4   4   4   4   4   4   4   4   4   4   4   4   4   4   4   4   4   4   4   4   4   4   4
  0   1   2   2   2   2   2   3   3   3   4   4   4   4   4   4   4   4   4   4   4   4   4   4   4   4   4   4   4   4   4   4   4   4   4   4   4   4   4   5   5   5   5   5   5   5   5   5   5   5   5   6   6   6   6   6   6   6   6   6   6   6   6   6   6   6   6   6   6   6   6   6   6   6   6   6   6   6   6   6   6   6   6   6   6   6   6   6   6   6   6   6   6   6   6   6   6   6   6   6
  1   2   3   4   4   4   4   4   4   4   5   5   6   6   6   6   6   6   6   6   6   6   6   6   6   6   6   6   6   7   7   7   7   7   7   7   7   7   7   7   8   8   8   8   8   8   8   8   8   8   8   8   8   8   8   8   8   8   8   8   8   8   8   8   8   8   8   8   8   8   8   8   8   8   8   8   8   8   8   8   8   8   8   9   9   9   9   9   9   9   9   9   9   9   9   9   9   9   9   9
  2   4   4   4   5   6   6   6   6   6   7   7   7   8   8   8   8   8   8   8   8   8   8   9   9   9   9   9   9   9   9   9   9   9   9   9  10  10  10  10  10  10  10  10  10  10  10  10  10  10  10  10  11  11  11  11  11  11  11  11  11  11  11  11  11  11  11  11  11  11  11  11  11  11  11  11  11  11  11  11  11  11  11  11  11  11  11  11  11  11  11  11  11  11  11  11  11  11  11  11
  3   4   6   6   6   7   8   8   8   8   9   9   9   9  10  10  10  10  10  11  11  11  11  11  11  11  11  11  11  11  11  11  11  11  11  11  11  11  11  11  11  11  11  11  11  11  11  13  13  13  13  13  13  13  13  13  13  13  13  13  13  13  13  13  13  13  13  13  14  14  14  14  14  14  14  14  14  14  14  14  14  14  14  14  14  14  14  14  14  14  14  14  14  14  14  14  14  14  14  14
  4   6   7   8   8   9   9  10  10  11  11  11  11  11  11  11  11  11  11  11  13  13  13  13  13  13  13  14  14  14  14  14  14  14  14  14  14  14  14  14  14  14  14  15  15  15  15  15  15  15  15  15  15  15  15  15  16  16  16  16  16  16  16  16  16  16  16  16  16  16  16  16  16  16  17  17  17  17  17  17  17  17  17  17  17  17  17  17  17  17  17  17  17  17  17  17  17  17  17  17
  4   7   8   9  10  11  11  11  11  11  13  13  13  14  14  14  14  14  14  14  15  15  15  15  15  16  16  16  16  16  16  16  17  17  17  17  17  17  17  17  17  17  17  17  17  17  18  18  18  18  18  18  18  18  18  18  18  19  19  19  19  19  19  19  19  19  19  19  19  19  19  19  19  19  19  19  19  19  19  19  19  19  19  19  19  19  19  19  19  19  19  19  19  19  19  19  19  19  19  19
  6   8  10  11  11  11  13  14  14  14  14  15  15  16  16  16  16  17  17  17  17  17  17  18  18  18  18  18  19  19  19  19  19  19  19  19  19  19  19  19  19  19  19  19  19  19  19  19  19  19  19  21  21  21  21  21  21  21  22  22  22  22  22  22  22  22  22  22  22  22  22  22  22  22  22  22  22  23  23  23  23  23  23  23  23  23  23  23  23  23  23  23  23  23  23  23  23  23  23  23
  7  10  11  11  13  14  15  15  16  16  17  17  17  18  18  19  19  19  19  19  19  19  19  19  19  19  19  21  21  21  22  22  22  22  22  22  22  22  22  23  23  23  23  23  23  23  23  23  23  23  23  24  24  24  24  24  24  24  24  24  24  24  25  25  25  25  25  25  25  25  25  25  25  25  25  25  25  25  25  25  25  25  25  25  25  25  25  25  25  25  25  25  25  26  26  26  26  26  26  26
  8  11  13  14  15  16  17  17  18  19  19  19  19  19  19  19  21  22  22  22  22  22  23  23  23  23  23  23  24  24  24  24  24  24  25  25  25  25  25  25  25  25  25  25  25  25  25  25  25  26  26  26  26  26  26  27  27  27  27  27  27  27  27  27  27  27  28  28  28  28  28  28  28  28  28  28  28  28  28  28  28  28  28  28  28  28  29  29  29  29  29  29  29  29  29  29  29  29  30  30
  9  11  14  16  17  18  19  19  19  19  21  22  22  23  23  23  23  24  24  24  25  25  25  25  25  25  25  25  26  26  26  26  27  27  27  27  27  28  28  28  28  28  28  28  28  28  28  28  29  29  29  29  29  29  30  30  30  30  30  30  30  30  30  30  30  30  31  31  31  31  31  31  31  31  31  31  31  31  31  31  31  31  31  31  31  31  32  32  32  32  32  32  32  32  32  32  32  32  33  33
 10  14  16  17  19  19  21  22  22  23  23  24  24  25  25  25  25  25  26  26  27  27  27  28  28  28  28  28  28  29  29  29  30  30  30  30  30  30  30  31  31  31  31  31  31  31  31  31  31  31  32  32  32  32  32  32  33  33  33  33  33  33  33  33  34  34  34  34  34  34  34  34  34  34  34  34  34  34  35  35  35  35  35  35  35  35  35  35  35  35  35  35  35  36  36  36  36  36  36  36
 11  15  18  19  21  22  23  24  24  25  25  25  26  27  27  28  28  28  29  29  30  30  30  30  31  31  31  31  31  31  31  32  32  32  33  33  33  33  33  34  34  34  34  34  34  34  34  35  35  35  35  35  35  35  35  36  36  36  36  36  36  36  36  36  36  36  37  37  37  37  37  37  37  37  37  37  37  38  38  38  38  38  38  38  38  38  38  38  38  38  38  38  38  38  38  38  38  38  39  39
 11  17  19  21  23  24  25  25  26  27  28  28  29  29  30  30  31  31  31  31  32  32  33  33  33  34  34  34  34  34  35  35  35  35  35  36  36  36  36  36  36  37  37  37  37  37  37  37  38  38  38  38  38  38  38  38  38  38  38  38  39  39  39  39  39  39  39  40  40  40  40  40  40  40  40  40  41  41  41  41  41  41  41  41  41  41  41  41  41  41  41  41  41  41  41  41  41  41  41  41
 14  18  21  23  25  25  27  28  28  29  30  31  31  31  32  33  33  34  34  34  35  35  35  36  36  36  36  37  37  37  37  38  38  38  38  38  38  38  38  39  39  39  39  40  40  40  40  40  41  41  41  41  41  41  41  41  41  41  41  41  41  41  41  41  43  43  43  43  43  43  43  43  43  43  43  43  43  43  44  44  44  44  44  44  44  44  44  45  45  45  45  45  45  45  45  45  45  45  46  46
 15  19  23  25  26  28  29  30  31  31  32  33  34  34  35  35  36  36  36  37  37  38  38  38  38  38  39  39  39  40  40  40  41  41  41  41  41  41  41  41  41  41  43  43  43  43  43  43  43  43  43  44  44  44  44  44  45  45  45  45  45  45  45  46  46  46  46  46  46  46  46  46  47  47  47  47  47  47  47  47  47  47  47  48  48  48  48  48  48  48  48  48  48  48  48  48  48  49  49  49
 16  22  25  27  28  30  31  32  33  34  35  35  36  37  37  38  38  38  39  39  40  40  41  41  41  41  41  41  41  43  43  43  43  43  44  44  44  44  45  45  45  45  46  46  46  46  46  46  47  47  47  47  47  47  47  48  48  48  48  48  48  48  48  48  49  49  49  49  49  49  49  50  50  50  50  50  50  50  50  50  50  50  50  51  51  51  51  51  51  51  51  51  51  52  52  52  52  52  52  52
 17  23  26  28  31  32  34  35  36  36  37  38  38  39  39  40  41  41  41  41  43  43  43  43  44  44  45  45  45  46  46  46  46  47  47  47  47  47  48  48  48  48  48  48  49  49  49  49  50  50  50  50  50  50  50  50  51  51  51  51  51  51  52  52  52  52  52  52  52  52  52  52  53  53  53  53  53  53  53  54  54  54  54  54  54  54  54  54  54  54  55  55  55  55  55  55  55  55  55  55
 19  25  28  31  33  34  36  37  38  38  39  40  41  41  41  43  43  43  44  45  45  46  46  46  47  47  47  48  48  48  48  49  49  49  50  50  50  50  50  51  51  51  51  52  52  52  52  52  52  52  53  53  53  53  54  54  54  54  54  54  54  54  55  55  55  55  55  55  55  56  56  56  56  56  56  56  56  57  57  57  57  57  57  57  57  57  57  57  58  58  58  58  58  58  58  58  58  58  59  59
 19  26  30  33  35  36  38  39  40  41  41  43  43  44  45  45  46  46  47  47  48  48  49  49  49  50  50  50  51  51  51  52  52  52  52  53  53  53  54  54  54  54  54  54  55  55  55  55  55  56  56  56  56  56  57  57  57  57  57  57  57  58  58  58  58  58  58  58  59  59  59  59  59  59  59  59  60  60  60  60  60  60  60  60  60  60  60  60  61  61  61  61  61  61  62  62  62  62  62  62
 22  28  32  35  37  38  40  41  41  43  44  45  46  47  47  48  48  49  50  50  50  51  51  52  52  52  53  53  54  54  54  54  55  55  55  56  56  56  56  57  57  57  57  57  58  58  58  58  59  59  59  59  59  59  60  60  60  60  60  60  60  60  61  61  61  61  62  62  62  62  62  62  62  62  63  63  63  63  63  63  63  63  63  63  63  63  64  64  64  64  64  64  64  65  65  65  65  65  65  65
 23  30  34  37  38  41  41  43  45  46  47  48  48  49  50  50  51  52  52  52  53  54  54  54  55  55  56  56  56  57  57  57  58  58  58  59  59  59  59  60  60  60  60  60  60  61  61  61  62  62  62  62  62  63  63  63  63  63  63  63  63  63  64  64  64  64  64  65  65  65  65  65  65  65  65  65  65  65  65  67  67  67  67  67  67  67  67  67  68  68  68  68  68  68  68  68  68  68  69  69
 25  31  36  38  41  43  44  46  47  48  49  50  51  52  52  53  54  54  55  55  56  56  57  57  58  58  59  59  59  60  60  60  60  60  61  62  62  62  62  63  63  63  63  63  63  64  64  64  64  65  65  65  65  65  65  65  65  65  67  67  67  67  67  67  68  68  68  68  68  68  68  69  69  69  69  69  69  69  69  69  70  70  70  70  70  70  70  70  70  70  70  70  70  70  70  70  70  72  72  72
 25  33  38  41  43  45  47  48  50  50  52  52  54  54  55  56  56  57  57  58  59  59  60  60  60  61  61  62  62  62  63  63  63  63  64  64  64  65  65  65  65  65  65  67  67  67  67  68  68  68  68  68  69  69  69  69  69  69  69  70  70  70  70  70  70  70  70  70  70  70  72  72  72  72  72  72  73  73  73  73  73  73  73  73  73  74  74  74  74  74  74  75  75  75  75  75  75  75  75  75
 27  35  39  43  45  47  49  50  52  53  54  55  56  57  58  58  59  60  60  60  61  62  62  63  63  63  64  64  65  65  65  65  65  67  67  67  68  68  68  69  69  69  69  69  70  70  70  70  70  70  70  70  70  72  72  72  72  73  73  73  73  73  73  74  74  74  74  74  75  75  75  75  75  75  76  76  76  76  76  76  77  77  77  77  77  77  77  77  78  78  78  78  78  78  79  79  79  79  79  79
 28  37  41  45  47  50  51  53  54  55  57  58  59  59  60  61  62  62  63  63  64  64  65  65  65  67  67  67  68  68  69  69  69  69  70  70  70  70  70  70  72  72  72  73  73  73  73  74  74  74  74  75  75  75  75  75  76  76  76  76  77  77  77  77  77  77  78  78  78  78  79  79  79  79  79  79  79  79  79  80  80  80  80  80  80  81  81  81  81  81  81  81  82  82  82  82  82  82  82  82
 30  38  43  47  50  52  54  55  57  58  59  60  61  62  63  63  64  65  65  65  67  67  68  68  69  69  70  70  70  70  70  72  72  73  73  73  73  74  74  75  75  75  75  76  76  76  77  77  77  77  78  78  78  79  79  79  79  79  79  79  80  80  80  80  81  81  81  81  81  82  82  82  82  82  82  82  82  82  82  82  83  83  83  83  84  84  84  84  85  85  85  85  85  85  85  85  85  85  85  85
 31  40  45  49  52  54  56  58  59  60  62  63  63  64  65  65  67  68  68  69  69  70  70  70  72  72  73  73  73  74  74  75  75  76  76  77  77  77  77  78  78  79  79  79  79  79  80  80  80  81  81  81  81  82  82  82  82  82  82  82  82  83  83  83  84  84  84  85  85  85  85  85  85  85  85  85  86  86  86  86  86  86  86  87  87  87  88  88  88  88  88  88  89  89  89  89  89  89  89  89
 33  41  47  51  54  56  58  60  62  63  64  65  65  67  68  69  69  70  70  72  72  73  73  74  75  75  76  76  77  77  78  78  79  79  79  79  80  80  80  81  81  82  82  82  82  82  82  83  83  84  84  84  85  85  85  85  85  85  85  86  86  86  86  86  87  87  88  88  88  88  88  89  89  89  89  89  89  89  90  90  90  90  90  90  90  90  91  91  91  91  91  92  92  92  92  92  92  92  92  92
 35  44  49  53  56  59  60  62  63  65  67  68  69  70  70  70  72  73  74  75  75  76  77  77  78  78  79  79  79  80  80  81  81  82  82  82  82  83  83  84  84  85  85  85  85  85  86  86  86  86  87  88  88  88  88  89  89  89  89  89  90  90  90  90  90  90  91  91  91  91  92  92  92  92  92  92  92  92  93  93  93  94  94  94  94  94  94  95  95  95  95  95  95  95  95  96  96  96  96  96
 36  46  51  55  58  60  63  65  65  68  69  70  70  72  73  74  75  76  77  77  78  79  79  80  81  81  82  82  82  82  83  84  85  85  85  85  86  86  86  87  88  88  88  89  89  89  89  90  90  90  90  90  91  91  91  92  92  92  92  92  92  93  93  94  94  94  94  94  95  95  95  95  95  95  96  96  96  96  96  96  97  97  97  97  98  98  98  98  98  98  98  98  99  99  99  99  99  99  99  99
 38  48  53  57  60  63  65  67  69  70  70  73  74  75  76  77  78  79  79  80  81  82  82  82  83  84  85  85  85  86  86  86  88  88  88  89  89  89  90  90  90  91  91  91  92  92  92  92  93  93  94  94  94  95  95  95  95  95  96  96  96  96  96  97  97  97  98  98  98  98  98  98  99  99  99  99  99  99 100 100 100 101 101 101 101 101 101 101 102 102 102 102 102 102 103 103 103 103 103 103
 39  50  55  59  63  65  68  69  70  73  74  75  77  78  79  80  81  82  82  82  84  85  85  85  86  86  88  88  89  89  90  90  90  91  91  92  92  92  92  93  94  94  94  95  95  95  96  96  96  96  97  97  98  98  98  98  98  99  99  99  99  99 100 100 101 101 101 101 101 101 102 102 102 102 103 103 103 103 103 104 104 104 104 104 104 104 105 105 105 105 106 106 106 106 106 106 106 106 106 106
 41  51  57  62  65  68  70  72  74  75  77  78  79  81  82  82  83  85  85  86  86  88  88  89  89  90  90  91  92  92  92  93  94  94  94  95  95  96  96  96  97  97  98  98  98  98  99  99  99 100 100 101 101 101 101 101 102 102 102 103 103 103 103 104 104 104 104 104 105 105 105 106 106 106 106 106 106 106 106 107 107 108 108 108 108 108 108 108 108 109 109 109 109 109 109 109 109 110 110 110
 43  53  59  63  67  70  72  75  76  78  79  81  82  83  84  85  86  87  88  89  90  90  91  92  92  92  94  94  95  95  96  96  96  97  98  98  98  99  99  99 100 101 101 101 101 102 102 103 103 103 103 104 104 104 104 105 105 106 106 106 106 106 106 107 107 108 108 108 108 108 108 109 109 109 109 109 109 110 110 110 110 110 110 110 110 110 110 110 110 110 110 110 113 113 113 113 113 113 113 113
 44  55  61  65  69  72  75  77  79  81  82  83  85  86  87  88  89  90  91  92  92  93  94  95  95  96  96  97  98  98  99  99  99 100 101 101 101 102 102 103 103 104 104 104 105 105 106 106 106 106 106 107 108 108 108 108 108 109 109 109 109 109 110 110 110 110 110 110 110 110 110 110 110 110 113 113 113 113 113 113 113 113 115 115 115 115 116 116 116 116 116 116 117 117 117 117 117 117 117 117
 46  57  63  68  72  75  77  79  82  83  85  86  88  89  90  91  92  92  94  95  95  96  97  98  98  99  99 100 101 101 102 102 103 103 104 104 105 105 106 106 106 106 107 108 108 108 108 109 109 109 110 110 110 110 110 110 110 110 110 110 113 113 113 113 113 113 115 115 115 115 116 116 116 116 117 117 117 117 117 117 117 117 118 118 118 118 118 119 119 120 120 120 120 120 120 120 120 120 120 121
 47  59  65  70  74  77  80  82  84  85  88  89  90  91  92  94  95  96  96  98  98  99 100 101 101 102 103 103 104 104 105 106 106 106 106 108 108 108 109 109 109 110 110 110 110 110 110 110 110 113 113 113 113 113 115 115 115 116 116 116 117 117 117 117 117 117 118 118 118 118 118 119 120 120 120 120 120 120 120 120 121 121 122 122 122 122 122 122 123 123 123 123 123 123 123 123 124 124 124 125
 49  60  68  73  77  79  82  85  86  89  90  92  92  94  95  96  98  98  99 101 101 102 103 104 104 105 106 106 106 108 108 108 109 109 110 110 110 110 110 110 113 113 113 113 115 115 115 116 116 117 117 117 117 117 118 118 118 118 119 120 120 120 120 120 120 121 122 122 122 122 122 123 123 123 123 123 123 123 124 124 124 125 125 125 126 126 126 126 127 127 127 127 127 127 128 128 128 128 128 128
 50  63  69  75  79  82  85  87  89  91  92  94  96  97  98  99 101 101 102 103 104 105 106 106 108 108 108 109 109 110 110 110 110 113 113 113 113 115 115 116 116 117 117 117 117 118 118 118 119 120 120 120 120 120 121 122 122 122 122 123 123 123 123 123 124 124 125 125 125 126 126 126 127 127 127 127 127 128 128 128 128 128 129 129 129 129 129 129 130 130 130 131 131 131 131 131 131 131 131 131
 52  64  72  77  81  85  87  90  92  94  95  97  98  99 101 102 103 104 106 106 107 108 109 109 110 110 110 110 113 113 113 115 116 116 117 117 117 118 118 118 120 120 120 120 121 122 122 122 122 123 123 123 123 124 125 125 125 126 126 127 127 127 127 128 128 128 128 129 129 129 129 129 130 130 131 131 131 131 131 131 131 131 131 131 133 133 133 133 133 133 134 134 134 134 135 135 135 135 136 136
 54  67  74  79  83  86  90  92  94  96  98  99 101 103 104 105 106 107 108 109 110 110 110 110 113 113 115 116 116 117 117 118 118 119 120 120 120 121 122 122 122 123 123 123 124 125 125 126 126 127 127 127 127 128 128 128 129 129 129 129 130 131 131 131 131 131 131 131 131 131 133 133 133 133 134 134 134 135 135 135 135 136 136 136 136 136 136 137 137 137 138 138 138 138 138 138 138 138 138 138
 55  68  76  82  85  89  92  95  97  99 101 102 104 106 106 108 109 110 110 110 113 113 115 116 117 117 117 118 119 120 120 121 122 122 123 123 123 124 125 125 126 127 127 127 128 128 129 129 129 129 130 131 131 131 131 131 131 131 133 133 133 134 134 134 135 135 135 136 136 136 136 136 137 137 138 138 138 138 138 138 138 138 138 138 138 138 138 138 138 141 141 141 141 142 142 142 142 142 143 143
 57  70  78  84  88  92  95  97  99 102 104 105 106 108 109 110 110 113 113 115 116 117 117 118 120 120 120 122 122 123 123 124 125 126 126 127 127 128 128 129 129 129 130 131 131 131 131 131 133 133 133 134 134 135 135 135 136 136 136 136 137 137 138 138 138 138 138 138 138 138 138 138 138 138 141 141 141 141 142 142 142 143 143 143 143 143 144 144 145 145 145 145 145 145 146 146 146 146 146 146
 59  72  80  86  90  94  97 100 102 104 106 108 109 110 110 113 115 116 117 118 119 120 120 122 122 123 123 125 126 126 127 128 128 129 129 130 131 131 131 131 131 133 133 134 134 135 135 136 136 136 136 137 138 138 138 138 138 138 138 138 138 138 141 141 141 142 142 142 143 143 143 143 144 144 145 145 145 145 145 146 146 146 146 146 147 147 147 148 148 148 148 148 148 148 148 148 150 150 150 150
 60  74  82  88  92  96  99 102 105 106 109 110 110 113 115 117 117 118 120 121 122 123 123 125 126 127 127 128 129 129 130 131 131 131 131 133 133 134 135 135 136 136 136 137 138 138 138 138 138 138 138 138 141 141 141 142 142 143 143 143 144 144 145 145 145 145 146 146 146 146 147 147 148 148 148 148 148 148 148 148 150 150 150 151 151 151 151 151 152 152 152 152 152 153 153 153 153 153 153 154
 62  76  85  90  95  99 102 105 108 109 110 113 115 117 118 120 120 122 123 123 125 126 127 128 129 129 131 131 131 131 133 134 135 135 136 136 137 138 138 138 138 138 138 138 141 141 142 142 143 143 143 144 145 145 145 145 146 146 146 147 147 148 148 148 148 148 148 150 150 150 151 151 151 151 152 152 152 152 153 153 153 153 153 154 154 154 154 154 154 156 156 156 156 156 156 157 157 157 158 158
 63  78  86  92  98 101 105 108 110 110 113 116 118 120 120 122 123 125 126 127 128 129 130 131 131 133 133 134 135 136 136 137 138 138 138 138 138 138 141 142 142 143 143 144 145 145 145 146 146 146 147 147 148 148 148 148 148 150 150 151 151 151 151 152 152 153 153 153 153 153 154 154 154 154 154 156 156 156 156 156 157 157 157 158 158 158 158 158 158 158 159 159 160 160 160 160 160 160 161 161
 65  80  89  95 100 104 108 110 113 115 117 119 120 122 123 125 127 128 129 130 131 131 133 134 135 136 136 138 138 138 138 138 141 141 142 143 143 144 145 145 146 146 146 147 148 148 148 148 150 150 151 151 151 152 152 152 153 153 153 154 154 154 154 154 156 156 156 156 157 157 158 158 158 158 158 158 159 159 160 160 160 160 161 161 161 162 162 162 162 162 163 163 164 164 164 164 164 165 165 165
 67  82  91  98 103 106 109 113 116 117 120 122 123 125 127 128 129 131 131 133 134 135 136 137 138 138 138 138 141 142 143 143 144 145 145 146 146 147 148 148 148 150 150 151 151 152 152 153 153 153 154 154 154 154 156 156 156 156 157 158 158 158 158 158 159 159 160 160 160 160 161 161 162 162 162 162 163 163 164 164 164 164 165 165 165 165 165 166 166 167 167 167 167 168 168 168 168 168 168 169
 69  84  93 100 105 109 110 116 118 120 123 124 127 128 129 131 131 134 135 136 137 138 138 138 141 142 143 143 145 145 146 146 147 148 148 148 150 151 151 152 152 153 153 154 154 154 156 156 156 157 157 158 158 158 158 159 160 160 160 161 161 161 162 162 162 163 164 164 164 164 165 165 165 165 166 166 167 167 167 168 168 168 168 168 169 169 169 169 170 170 170 171 171 171 172 172 172 172 172 172
 70  86  95 102 108 110 115 118 120 123 125 127 129 131 131 134 136 136 138 138 138 141 142 143 145 145 146 147 148 148 148 150 151 151 152 153 153 154 154 154 156 156 157 157 158 158 158 159 160 160 160 161 161 162 162 163 163 164 164 164 165 165 165 166 166 167 167 168 168 168 168 169 169 169 169 170 170 170 171 171 172 172 172 172 172 172 172 172 174 174 174 174 175 175 175 175 175 175 176 176
 72  89  98 104 109 113 117 120 123 126 128 130 131 134 136 137 138 138 141 142 143 145 145 146 147 148 148 150 151 152 153 153 154 154 154 156 156 157 158 158 158 159 160 160 161 161 162 162 163 164 164 165 165 165 166 166 167 167 168 168 168 169 169 169 170 170 170 171 171 172 172 172 172 172 172 174 174 174 174 175 175 175 175 176 176 176 176 177 177 177 177 178 178 178 179 179 179 180 180 180
 74  90 100 106 110 117 120 123 126 129 131 133 135 136 138 138 141 143 144 145 146 148 148 150 151 152 152 153 154 154 156 156 157 158 158 159 160 160 161 162 162 163 164 164 165 165 165 166 167 167 168 168 168 169 169 170 170 171 171 172 172 172 172 172 174 174 174 175 175 175 175 176 176 176 176 177 177 178 178 178 178 179 179 180 180 180 180 180 181 181 182 182 182 182 183 183 183 183 184 184
 76  92 102 109 115 119 123 126 129 131 134 136 138 138 141 143 145 146 147 148 150 151 152 153 153 154 156 156 157 158 158 159 160 161 162 162 163 164 165 165 165 166 167 168 168 168 169 169 170 171 171 172 172 172 172 172 174 174 175 175 175 176 176 176 177 177 177 178 178 179 179 180 180 180 180 180 181 182 182 182 182 183 183 183 184 184 184 184 184 184 184 186 186 186 186 186 187 187 187 187
 78  95 104 110 117 122 125 129 131 134 136 138 138 142 144 146 147 148 150 151 153 153 154 156 157 158 158 159 160 161 162 163 164 165 165 166 167 167 168 168 169 170 170 171 172 172 172 172 174 174 175 175 175 176 176 176 177 177 178 178 179 180 180 180 180 181 182 182 182 183 183 183 184 184 184 184 184 184 184 186 186 186 187 187 187 187 187 188 188 188 188 189 190 190 190 190 190 191 191 191
 79  96 106 113 120 124 128 131 134 137 138 141 143 145 147 148 151 152 153 154 156 157 158 158 160 161 162 163 164 165 165 166 167 168 168 169 170 171 171 172 172 172 174 174 175 175 176 176 177 177 178 178 179 180 180 180 181 181 182 182 183 183 183 184 184 184 184 184 186 186 186 187 187 187 187 188 188 188 189 190 190 190 190 191 191 191 191 191 192 192 193 193 193 193 193 193 193 194 194 194
 81  99 109 117 122 127 131 134 137 138 142 145 146 148 150 152 153 154 156 158 158 160 161 162 163 164 165 166 167 168 169 169 170 171 172 172 172 174 175 175 176 176 177 177 178 179 180 180 180 181 182 182 183 183 184 184 184 184 184 186 186 186 187 187 187 188 188 188 189 190 190 190 191 191 191 191 192 192 193 193 193 193 193 194 194 194 194 194 194 196 197 197 197 197 197 197 197 197 197 197
 82 101 110 118 124 129 133 136 138 142 145 147 148 151 153 154 156 158 159 160 162 163 164 165 167 168 168 169 170 171 172 172 174 174 175 176 176 177 178 178 179 180 180 181 182 182 183 184 184 184 184 186 186 186 187 187 188 188 188 189 190 190 190 191 191 191 192 192 193 193 193 193 194 194 194 194 194 196 197 197 197 197 197 197 197 197 197 199 199 199 200 200 201 201 201 202 202 202 202 202
 85 103 113 121 127 131 136 138 142 145 148 150 152 154 156 158 159 161 162 164 165 166 168 168 169 171 172 172 174 174 175 176 177 178 178 179 180 180 182 182 183 183 184 184 184 186 186 187 187 188 188 189 190 190 190 191 191 192 192 193 193 193 193 194 194 194 194 196 197 197 197 197 197 197 197 197 199 199 200 200 201 201 202 202 202 202 202 203 203 204 204 204 204 204 205 205 205 206 206 206
 86 105 116 123 129 134 138 142 145 148 151 153 154 157 158 160 162 164 165 167 168 169 170 172 172 174 175 176 176 177 178 180 180 181 182 183 184 184 184 186 186 187 187 188 188 189 190 190 191 191 192 192 193 193 193 194 194 194 194 197 197 197 197 197 197 197 199 199 200 201 201 201 202 202 202 203 203 204 204 204 204 205 205 205 206 206 206 206 207 207 208 208 208 209 209 209 210 210 210 210
 89 107 118 126 131 137 141 145 148 151 153 156 158 160 162 164 165 167 168 170 171 172 174 175 176 177 178 179 180 181 182 183 184 184 184 186 187 187 188 188 190 190 191 191 192 193 193 193 194 194 194 196 197 197 197 197 197 197 199 199 200 201 201 202 202 202 203 204 204 204 204 205 205 206 206 206 206 207 208 208 208 209 209 209 210 210 210 210 210 211 211 211 211 211 213 213 213 213 213 213
 90 109 120 128 135 138 144 148 151 154 156 158 161 163 165 167 168 170 172 172 174 175 177 178 179 180 182 183 183 184 184 186 187 188 188 190 190 191 191 192 193 193 194 194 194 196 197 197 197 197 197 199 200 201 201 202 202 202 203 204 204 204 205 205 206 206 206 207 208 208 208 209 209 210 210 210 210 211 211 211 211 211 213 213 213 213 213 213 213 213 215 215 215 215 216 217 217 217 217 218
 92 110 123 131 137 142 146 151 153 156 159 162 164 166 168 170 172 172 175 176 177 179 180 182 183 184 184 186 187 187 188 190 190 191 192 193 193 194 194 194 197 197 197 197 197 199 200 201 202 202 202 203 204 204 204 205 206 206 206 207 208 208 209 209 210 210 210 210 211 211 211 211 213 213 213 213 213 213 213 215 215 215 216 217 217 217 217 218 218 218 218 218 220 220 220 221 221 221 221 221
 94 113 125 133 138 145 148 153 156 159 162 165 167 169 171 172 175 176 178 179 180 182 183 184 186 187 188 188 190 191 191 193 193 194 194 196 197 197 197 197 199 201 201 202 202 203 204 204 205 205 206 206 207 208 208 209 209 210 210 210 211 211 211 213 213 213 213 213 213 215 215 215 216 217 217 217 218 218 218 218 220 220 220 221 221 221 221 221 221 222 223 223 224 224 224 224 225 225 225 225
 96 116 127 136 142 147 152 156 159 162 165 168 170 172 174 176 177 180 181 183 184 184 186 187 188 190 191 192 193 193 194 196 197 197 197 199 200 201 202 202 203 204 204 205 206 206 207 208 209 209 210 210 210 211 211 211 213 213 213 213 213 215 215 216 217 217 217 218 218 218 218 220 220 221 221 221 221 221 222 223 223 224 224 224 225 225 225 225 226 226 226 227 227 228 228 228 229 229 229 229
 98 117 129 138 145 150 154 158 162 165 168 170 172 175 177 179 180 183 184 186 187 188 190 191 192 193 194 194 197 197 197 199 200 201 202 203 204 204 205 206 206 208 208 209 210 210 210 211 211 213 213 213 213 213 215 215 216 217 217 218 218 218 220 220 221 221 221 221 222 222 223 224 224 224 225 225 225 226 226 226 227 227 228 228 228 229 229 229 229 230 230 230 230 231 232 232 232 233 233 233
 99 120 131 138 147 153 157 161 165 168 171 174 176 178 180 182 184 186 187 188 190 191 193 193 194 197 197 197 199 201 202 203 204 204 205 206 207 208 209 210 210 211 211 211 213 213 213 213 215 216 217 217 218 218 218 220 220 221 221 221 222 223 223 224 224 225 225 225 226 226 227 227 228 228 228 229 229 229 230 230 230 230 231 232 232 233 233 233 233 234 234 234 234 234 236 236 236 236 236 237
101 122 134 143 150 154 160 164 168 171 174 176 179 181 183 184 187 188 190 191 193 194 196 197 197 199 201 202 203 204 205 206 207 208 209 210 210 211 211 213 213 213 215 215 216 217 218 218 218 220 220 221 221 221 223 223 224 224 225 225 226 226 227 227 228 228 229 229 229 230 230 230 231 232 232 233 233 233 234 234 234 234 234 236 236 236 236 237 237 237 238 238 238 239 239 240 240 240 240 241
103 124 136 145 152 158 162 167 170 174 176 179 182 184 186 188 190 191 193 194 197 197 199 201 202 203 204 205 206 208 209 210 210 211 211 213 213 213 215 216 217 218 218 218 220 221 221 221 223 223 224 225 225 225 226 227 227 228 229 229 229 230 230 230 231 232 232 233 233 234 234 234 234 236 236 236 236 237 237 238 238 238 239 239 240 240 240 241 241 241 241 241 242 243 243 243 244 244 244 244
105 127 138 148 154 160 165 169 172 176 180 182 184 187 189 191 193 194 197 197 199 201 202 204 205 206 208 209 210 211 211 213 213 213 215 217 217 218 218 220 221 221 222 223 224 224 225 225 226 227 228 228 229 229 230 230 230 232 232 233 233 233 234 234 234 236 236 236 237 237 238 238 239 239 240 240 240 241 241 241 241 242 243 243 243 244 244 244 244 244 246 246 246 247 247 247 248 248 248 248
106 129 141 151 158 163 168 172 176 180 183 184 187 190 192 194 196 197 199 201 203 204 206 207 209 210 211 211 213 213 215 216 217 218 218 220 221 221 222 224 224 225 225 226 227 228 229 229 230 230 230 232 232 233 233 234 234 234 236 236 236 237 238 238 239 239 240 240 241 241 241 241 242 243 243 244 244 244 244 244 246 246 247 247 247 248 248 248 248 248 250 250 250 250 250 251 251 251 252 252
108 131 143 153 160 166 171 175 179 182 184 188 191 193 194 197 199 201 203 204 206 208 209 210 211 213 213 215 216 217 218 220 221 221 222 224 224 225 226 227 228 229 229 230 230 231 232 233 233 234 234 234 236 236 237 237 238 239 239 240 240 241 241 241 242 243 243 244 244 244 244 246 246 247 247 248 248 248 248 248 250 250 250 250 251 251 251 252 253 253 253 253 254 254 255 255 255 255 255 255
110 133 146 154 162 168 174 178 182 184 188 191 193 196 197 200 202 204 206 208 209 211 211 213 215 216 217 218 220 221 221 223 224 225 226 227 228 229 229 230 231 232 233 233 234 234 236 236 237 237 238 239 240 240 241 241 241 242 243 243 244 244 244 246 246 247 247 248 248 248 248 250 250 250 250 251 251 252 252 253 253 254 254 255 255 255 255 255 255 255 255 255 255 258 259 259 259 260 260 260
110 135 148 158 165 171 176 180 184 188 191 193 197 197 202 204 205 208 209 211 213 213 215 217 218 220 221 221 223 224 225 226 228 229 229 230 231 232 233 234 234 236 236 237 238 238 239 240 240 241 241 242 243 244 244 244 246 246 247 247 248 248 248 248 250 250 250 251 251 252 253 253 254 254 255 255 255 255 255 255 255 255 255 258 259 259 260 260 260 260 261 261 262 262 262 263 263 263 264 264
113 137 151 160 168 174 179 184 187 191 193 197 199 202 204 206 209 210 211 213 215 217 218 220 221 223 224 225 226 228 229 230 230 232 233 234 234 236 236 237 238 239 240 240 241 241 243 243 244 244 244 246 247 247 248 248 248 250 250 250 251 252 252 253 253 254 255 255 255 255 255 255 255 255 258 259 259 260 260 260 261 261 262 262 263 263 263 263 264 264 264 264 265 265 266 267 267 267 268 268
116 138 153 163 170 176 182 186 190 193 197 199 203 205 208 210 211 213 215 217 218 221 221 224 225 226 228 229 230 230 232 233 234 234 236 237 238 239 240 241 241 242 243 244 244 246 246 247 248 248 248 250 250 251 251 252 253 253 254 255 255 255 255 255 255 255 258 259 259 260 260 261 261 262 262 263 263 263 264 264 264 264 265 265 266 267 267 267 268 268 268 269 269 270 270 270 271 271 271 271
118 141 156 165 172 179 184 189 193 197 199 203 206 208 210 213 213 217 218 221 222 224 225 227 228 229 230 232 233 234 236 236 238 239 240 241 241 242 243 244 244 246 247 248 248 248 250 250 251 252 253 253 254 255 255 255 255 255 255 258 259 259 260 260 261 262 262 263 263 263 264 264 264 265 265 266 267 267 268 268 268 269 269 270 270 270 271 271 271 272 272 273 273 273 274 274 275 275 275 276
120 144 158 168 175 182 187 192 194 199 203 206 209 211 213 215 218 220 221 224 225 227 229 230 232 233 234 236 236 238 239 240 241 242 243 244 244 246 247 248 248 250 250 251 252 253 253 254 255 255 255 255 255 258 259 260 260 261 261 262 263 263 263 264 264 264 265 266 267 267 268 268 268 269 270 270 270 271 271 271 272 272 273 273 274 274 275 275 275 276 276 277 277 277 277 278 278 279 279 279
122 146 160 170 178 184 190 194 197 202 206 209 211 213 217 218 221 223 225 227 229 230 232 233 234 236 237 239 240 241 242 243 244 246 247 248 248 250 250 251 252 253 254 255 255 255 255 255 258 259 260 260 261 262 263 263 264 264 264 265 266 267 267 268 268 269 270 270 270 271 271 272 272 273 273 274 274 275 275 276 276 276 277 277 277 278 278 279 279 280 280 281 281 281 281 281 282 282 282 284
123 148 162 172 181 187 193 197 202 205 209 211 213 217 220 222 225 226 228 230 232 233 234 236 238 240 241 242 243 244 246 247 248 248 250 251 252 253 254 255 255 255 255 258 259 260 260 261 262 263 263 264 264 265 266 267 267 268 268 269 270 270 271 271 272 272 273 274 274 275 275 276 276 277 277 277 278 278 279 279 280 280 281 281 281 281 282 282 282 284 284 284 285 285 285 286 287 287 287 287
126 151 165 175 184 190 194 200 204 209 211 215 218 221 223 225 228 229 232 233 234 236 238 240 241 243 244 246 247 248 248 250 251 253 253 255 255 255 255 258 259 260 261 262 263 263 264 264 265 267 267 268 268 269 270 270 271 271 272 273 273 274 275 275 276 276 277 277 278 278 279 279 280 281 281 281 281 282 282 282 284 284 285 285 285 286 287 287 287 287 287 287 289 289 290 290 290 291 291 291
128 153 168 178 186 193 197 203 208 211 213 218 221 224 226 229 230 233 234 236 238 240 241 243 244 246 248 248 250 251 253 254 255 255 255 255 259 260 261 262 263 263 264 265 266 267 268 268 269 270 271 271 272 273 273 274 275 275 276 277 277 277 278 279 279 280 281 281 281 282 282 282 284 284 285 285 286 286 287 287 287 287 289 289 289 290 290 291 291 291 292 292 293 293 294 294 294 295 295 295
129 154 170 180 188 194 201 206 210 213 218 221 224 227 229 232 234 236 238 240 241 243 244 247 248 250 250 252 253 255 255 255 258 260 260 262 263 263 264 265 266 267 268 269 270 270 271 272 273 274 274 275 276 276 277 277 278 279 280 280 281 281 281 282 282 284 284 285 285 286 287 287 287 287 289 289 290 290 291 291 291 292 292 293 293 294 294 295 295 295 295 296 296 296 296 298 298 299 299 299
131 157 172 183 191 197 204 209 213 217 221 224 227 230 232 234 237 239 241 243 244 247 248 250 251 253 254 255 255 258 260 261 262 263 264 264 266 267 268 269 270 271 271 272 273 274 275 276 276 277 278 279 279 280 281 281 281 282 284 284 285 285 286 287 287 287 287 289 289 290 290 291 291 292 292 293 294 294 295 295 295 295 296 296 296 298 298 299 299 299 300 300 300 301 301 301 301 302 303 303
133 159 175 186 193 201 206 211 216 220 224 227 230 233 236 238 240 242 244 246 248 250 251 253 255 255 255 259 260 262 263 264 265 267 267 268 270 270 271 272 273 274 275 276 277 277 278 279 280 281 281 282 282 284 284 285 286 287 287 287 289 289 290 290 291 291 292 292 293 294 294 295 295 295 296 296 296 298 298 299 299 300 300 300 301 301 301 302 303 303 303 303 303 303 305 306 306 306 307 307
136 162 177 188 197 204 210 213 218 223 227 230 233 236 238 241 243 246 248 250 251 253 255 255 258 260 261 263 264 264 266 267 268 270 271 272 273 274 275 276 277 278 279 279 281 281 281 282 284 285 285 286 287 287 287 289 290 290 291 291 292 293 294 294 295 295 295 296 296 298 298 299 299 300 300 301 301 301 302 303 303 303 303 303 305 305 306 306 307 307 307 307 308 309 309 309 310 310 311 311
138 164 180 191 199 206 211 217 221 226 230 233 236 239 241 244 247 248 250 253 255 255 258 260 262 263 264 265 267 268 270 271 272 273 274 275 276 277 278 279 281 281 282 282 284 285 286 287 287 287 289 290 291 291 292 293 294 294 295 295 295 296 296 298 299 299 300 300 301 301 301 302 303 303 303 303 305 306 306 306 307 307 307 308 309 309 309 310 311 311 311 312 312 312 312 312 314 314 314 315
138 166 182 193 202 209 215 220 225 229 233 236 239 242 244 248 250 252 254 255 255 260 262 263 264 266 268 269 270 272 273 274 276 277 278 279 280 281 281 282 284 285 286 287 287 289 290 290 291 292 293 294 294 295 295 296 296 298 299 299 300 300 301 301 302 303 303 303 303 305 306 306 307 307 307 308 309 309 310 310 311 311 312 312 312 312 314 314 314 315 315 316 316 316 316 317 318 318 318 319
141 168 184 194 204 211 218 223 228 232 236 239 242 244 248 250 253 255 255 260 261 263 264 267 268 270 271 272 274 275 277 278 279 280 281 282 284 285 286 287 287 289 290 291 291 292 293 294 295 295 296 296 298 299 299 300 301 301 302 303 303 303 303 305 306 307 307 307 308 309 309 310 311 311 312 312 312 312 314 314 314 315 316 316 316 316 317 318 318 318 319 319 319 320 321 321 322 322 322 323
143 171 187 197 207 213 221 226 230 234 239 242 244 248 251 254 255 258 260 263 264 267 268 270 271 273 275 276 277 279 280 281 282 284 285 286 287 287 289 290 291 292 293 294 295 295 296 298 299 299 300 301 301 302 303 303 303 305 306 307 307 307 309 309 310 310 311 312 312 312 312 314 314 315 315 316 316 316 317 318 318 319 319 319 320 321 321 322 322 323 323 324 324 325 325 325 325 326 326 326
145 172 190 201 210 217 224 229 234 238 241 244 248 251 254 255 259 262 264 265 268 270 271 273 275 276 278 279 281 282 284 285 286 287 289 290 291 292 293 294 295 295 296 298 299 299 300 301 302 303 303 303 305 306 307 307 308 309 309 310 311 312 312 312 314 314 314 315 316 316 316 317 318 318 319 319 320 321 322 322 322 323 323 324 324 325 325 325 326 326 326 326 326 326 326 326 330 330 330 331
147 175 191 204 213 220 226 232 236 241 244 248 251 255 255 260 263 264 267 269 271 273 275 276 278 280 281 282 284 286 287 287 290 291 292 293 294 295 296 298 299 299 300 301 302 303 303 305 306 307 307 308 309 310 311 311 312 312 312 314 314 315 316 316 317 318 318 319 319 320 321 322 322 322 323 324 324 325 325 325 326 326 326 326 326 326 326 330 330 330 331 331 331 332 332 332 332 334 334 335
148 177 194 206 215 223 229 234 240 244 248 251 255 255 260 263 265 268 270 272 274 276 278 280 281 282 285 287 287 289 291 292 293 295 295 296 298 299 300 301 302 303 303 305 306 307 307 309 309 310 311 312 312 312 314 315 316 316 316 318 318 319 319 320 321 322 322 323 324 324 325 325 326 326 326 326 326 326 326 330 330 331 331 331 332 332 332 332 334 334 335 336 336 336 336 337 337 338 339 339
151 180 197 209 218 225 232 237 242 247 250 255 255 261 264 267 269 271 273 276 277 280 281 282 285 287 287 290 291 293 294 295 296 298 299 300 301 303 303 303 306 307 307 309 309 311 311 312 312 314 314 316 316 316 318 318 319 319 321 322 322 323 324 324 325 325 326 326 326 326 326 326 330 330 331 331 331 332 332 332 334 334 335 336 336 336 337 337 338 339 339 339 339 340 341 341 342 342 342 343
153 182 199 211 221 229 234 240 244 250 254 255 261 264 267 270 272 275 277 279 281 282 285 287 289 290 292 293 295 296 298 299 300 301 303 303 305 306 307 308 309 310 311 312 312 314 315 316 316 317 318 319 319 321 322 322 323 324 325 325 326 326 326 326 326 326 330 331 331 331 332 332 332 334 335 335 336 336 337 337 338 339 339 339 340 341 341 341 342 342 343 343 343 343 343 345 346 346 347 347
154 184 202 213 224 231 238 243 248 253 255 261 264 267 270 273 275 277 280 282 284 287 287 290 292 294 295 296 298 300 301 302 303 305 306 307 309 309 311 312 312 314 315 316 316 318 318 319 320 321 322 323 324 325 325 326 326 326 326 326 330 330 331 331 332 332 334 334 335 336 336 337 337 338 339 339 339 340 341 341 342 342 343 343 343 343 345 346 346 346 347 347 348 348 348 348 350 350 350 351
157 187 204 216 226 234 241 246 251 255 260 264 267 270 273 276 279 281 284 285 287 290 292 294 295 296 299 300 301 303 303 306 307 309 309 311 312 312 314 315 316 317 318 319 320 322 322 323 324 325 326 326 326 326 326 330 331 331 332 332 332 334 335 336 336 337 337 338 339 339 340 341 341 342 342 343 343 343 343 345 346 346 347 347 348 348 348 348 350 350 351 351 351 352 353 353 353 353 354 354
159 189 206 218 229 236 243 248 254 259 263 267 270 273 276 279 281 284 287 289 291 293 295 296 299 300 301 303 305 307 307 309 311 312 312 314 316 316 318 319 319 321 322 323 324 325 326 326 326 326 330 330 331 332 332 334 334 335 336 336 337 338 339 339 340 341 341 342 343 343 343 343 345 346 346 347 347 348 348 348 350 350 351 351 352 352 353 353 353 354 354 355 355 356 356 357 357 357 357 357
