  0   0   0   0   0   0   0   0   0   0   0   0   0   0   0   0   0   0   0   0   0   0   0   0   0   0   0   0   0   0   0   0   0   0   0   0   0   0   0   0
  0   0   0   0   1   1   1   2   2   2   2   2   2   2   2   2   2   2   2   2   2   2   2   2   2   2   2   2   2   2   2   2   2   2   2   2   2   2   2   3
  0   1   2   2   2   2   2   3   3   3   4   4   4   4   4   4   4   4   4   4   4   4   4   4   4   4   4   4   4   4   4   4   4   4   4   4   4   4   4   5
  1   2   3   4   4   4   4   4   4   4   5   5   6   6   6   6   6   6   6   6   6   6   6   6   6   6   6   6   6   7   7   7   7   7   7   7   7   7   7   7
  2   4   4   4   5   6   6   6   6   6   7   7   7   8   8   8   8   8   8   8   8   8   8   9   9   9   9   9   9   9   9   9   9   9   9   9  10  10  10  10
  3   4   6   6   6   7   8   8   8   8   9   9   9   9  10  10  10  10  10  11  11  11  11  11  11  11  11  11  11  11  11  11  11  11  11  11  11  11  11  11
  4   6   7   8   8   9   9  10  10  11  11  11  11  11  11  11  11  11  11  11  13  13  13  13  13  13  13  14  14  14  14  14  14  14  14  14  14  14  14  14
  4   7   8   9  10  11  11  11  11  11  13  13  13  14  14  14  14  14  14  14  15  15  15  15  15  16  16  16  16  16  16  16  17  17  17  17  17  17  17  17
  6   8  10  11  11  11  13  14  14  14  14  15  15  16  16  16  16  17  17  17  17  17  17  18  18  18  18  18  19  19  19  19  19  19  19  19  19  19  19  19
  7  10  11  11  13  14  15  15  16  16  17  17  17  18  18  19  19  19  19  19  19  19  19  19  19  19  19  21  21  21  22  22  22  22  22  22  22  22  22  23
  8  11  13  14  15  16  17  17  18  19  19  19  19  19  19  19  21  22  22  22  22  22  23  23  23  23  23  23  24  24  24  24  24  24  25  25  25  25  25  25
  9  11  14  16  17  18  19  19  19  19  21  22  22  23  23  23  23  24  24  24  25  25  25  25  25  25  25  25  26  26  26  26  27  27  27  27  27  28  28  28
 10  14  16  17  19  19  21  22  22  23  23  24  24  25  25  25  25  25  26  26  27  27  27  28  28  28  28  28  28  29  29  29  30  30  30  30  30  30  30  31
 11  15  18  19  21  22  23  24  24  25  25  25  26  27  27  28  28  28  29  29  30  30  30  30  31  31  31  31  31  31  31  32  32  32  33  33  33  33  33  34
 11  17  19  21  23  24  25  25  26  27  28  28  29  29  30  30  31  31  31  31  32  32  33  33  33  34  34  34  34  34  35  35  35  35  35  36  36  36  36  36
 14  18  21  23  25  25  27  28  28  29  30  31  31  31  32  33  33  34  34  34  35  35  35  36  36  36  36  37  37  37  37  38  38  38  38  38  38  38  38  39
 15  19  23  25  26  28  29  30  31  31  32  33  34  34  35  35  36  36  36  37  37  38  38  38  38  38  39  39  39  40  40  40  41  41  41  41  41  41  41  41
 16  22  25  27  28  30  31  32  33  34  35  35  36  37  37  38  38  38  39  39  40  40  41  41  41  41  41  41  41  43  43  43  43  43  44  44  44  44  45  45
 17  23  26  28  31  32  34  35  36  36  37  38  38  39  39  40  41  41  41  41  43  43  43  43  44  44  45  45  45  46  46  46  46  47  47  47  47  47  48  48
 19  25  28  31  33  34  36  37  38  38  39  40  41  41  41  43  43  43  44  45  45  46  46  46  47  47  47  48  48  48  48  49  49  49  50  50  50  50  50  51
 19  26  30  33  35  36  38  39  40  41  41  43  43  44  45  45  46  46  47  47  48  48  49  49  49  50  50  50  51  51  51  52  52  52  52  53  53  53  54  54
 22  28  32  35  37  38  40  41  41  43  44  45  46  47  47  48  48  49  50  50  50  51  51  52  52  52  53  53  54  54  54  54  55  55  55  56  56  56  56  57
 23  30  34  37  38  41  41  43  45  46  47  48  48  49  50  50  51  52  52  52  53  54  54  54  55  55  56  56  56  57  57  57  58  58  58  59  59  59  59  60
 25  31  36  38  41  43  44  46  47  48  49  50  51  52  52  53  54  54  55  55  56  56  57  57  58  58  59  59  59  60  60  60  60  60  61  62  62  62  62  63
 25  33  38  41  43  45  47  48  50  50  52  52  54  54  55  56  56  57  57  58  59  59  60  60  60  61  61  62  62  62  63  63  63  63  64  64  64  65  65  65
 27  35  39  43  45  47  49  50  52  53  54  55  56  57  58  58  59  60  60  60  61  62  62  63  63  63  64  64  65  65  65  65  65  67  67  67  68  68  68  69
 28  37  41  45  47  50  51  53  54  55  57  58  59  59  60  61  62  62  63  63  64  64  65  65  65  67  67  67  68  68  69  69  69  69  70  70  70  70  70  70
 30  38  43  47  50  52  54  55  57  58  59  60  61  62  63  63  64  65  65  65  67  67  68  68  69  69  70  70  70  70  70  72  72  73  73  73  73  74  74  75
 31  40  45  49  52  54  56  58  59  60  62  63  63  64  65  65  67  68  68  69  69  70  70  70  72  72  73  73  73  74  74  75  75  76  76  77  77  77  77  78
 33  41  47  51  54  56  58  60  62  63  64  65  65  67  68  69  69  70  70  72  72  73  73  74  75  75  76  76  77  77  78  78  79  79  79  79  80  80  80  81
 35  44  49  53  56  59  60  62  63  65  67  68  69  70  70  70  72  73  74  75  75  76  77  77  78  78  79  79  79  80  80  81  81  82  82  82  82  83  83  84
 36  46  51  55  58  60  63  65  65  68  69  70  70  72  73  74  75  76  77  77  78  79  79  80  81  81  82  82  82  82  83  84  85  85  85  85  86  86  86  87
 38  48  53  57  60  63  65  67  69  70  70  73  74  75  76  77  78  79  79  80  81  82  82  82  83  84  85  85  85  86  86  86  88  88  88  89  89  89  90  90
 39  50  55  59  63  65  68  69  70  73  74  75  77  78  79  80  81  82  82  82  84  85  85  85  86  86  88  88  89  89  90  90  90  91  91  92  92  92  92  93
 41  51  57  62  65  68  70  72  74  75  77  78  79  81  82  82  83  85  85  86  86  88  88  89  89  90  90  91  92  92  92  93  94  94  94  95  95  96  96  96
 43  53  59  63  67  70  72  75  76  78  79  81  82  83  84  85  86  87  88  89  90  90  91  92  92  92  94  94  95  95  96  96  96  97  98  98  98  99  99  99
 44  55  61  65  69  72  75  77  79  81  82  83  85  86  87  88  89  90  91  92  92  93  94  95  95  96  96  97  98  98  99  99  99 100 101 101 101 102 102 103
 46  57  63  68  72  75  77  79  82  83  85  86  88  89  90  91  92  92  94  95  95  96  97  98  98  99  99 100 101 101 102 102 103 103 104 104 105 105 106 106
 47  59  65  70  74  77  80  82  84  85  88  89  90  91  92  94  95  96  96  98  98  99 100 101 101 102 103 103 104 104 105 106 106 106 106 108 108 108 109 109
 49  60  68  73  77  79  82  85  86  89  90  92  92  94  95  96  98  98  99 101 101 102 103 104 104 105 106 106 106 108 108 108 109 109 110 110 110 110 110 110
